0 0.189497 0.50372 0.124785 0.588052 0.803024
0 0.81126 0.727144 0.346583 0.500043 0.802159
0 0.333887 0.725193 0.194782 0.46215 0.746732
0 0.696413 0.413774 0.115351 0.355959 0.728043
0 0.288447 0.466847 0.104785 0.498462 0.68734
0 0.35785 0.411179 0.0978248 0.364293 0.679305
0 0.443984 0.511012 0.161302 0.40261 0.585193
0 0.591525 0.457259 0.114507 0.503954 0.5142
0 0.518419 0.819643 0.258834 0.342547 0.494981
0 0.506399 0.397202 0.0830343 0.391726 0.47322
0 0.434336 0.448748 0.138983 0.285585 0.27634
